%YAML:1.0
---
CameraExtrinsicMat: !!opencv-matrix
   rows: 4
   cols: 4
   dt: d
   data: [ 1., 0., 0., 0., 0., 1., 0., 0., 0., 0., 1., 0., 0., 0., 0.,1. ]
CameraMat: !!opencv-matrix
   rows: 3
   cols: 3
   dt: d
   data: [668.498092, 0.000000, 632.346854, 0.000000, 665.909950, 360.841420, 0.000000, 0.000000, 1.000000]
DistCoeff: !!opencv-matrix
   rows: 5
   cols: 1
   dt: d
   data: [-0.345481, 0.086415, 0.001677, 0.002671, 0.000000]
ImageSize: [1280, 720]
Reprojection Error: 0.0
DistModel: plumb_bob
