%YAML:1.0
---
CameraExtrinsicMat: !!opencv-matrix
   rows: 4
   cols: 4
   dt: d
   data: [ 1., 0., 0., 0., 0., 1., 0., 0., 0., 0., 1., 0., 0., 0., 0.,1. ]
CameraMat: !!opencv-matrix
   rows: 3
   cols: 3
   dt: d
   data: [652.430952, 0.000000, 614.754950, 0.000000, 654.770265, 387.951042, 0.000000, 0.000000, 1.000000]
DistCoeff: !!opencv-matrix
   rows: 5
   cols: 1
   dt: d
   data: [-0.315746, 0.071741, 0.000879, 0.000395, 0.000000]
ImageSize: [1280, 720]
Reprojection Error: 0.0
DistModel: plumb_bob
