%YAML:1.0
---
CameraExtrinsicMat: !!opencv-matrix
   rows: 4
   cols: 4
   dt: d
   data: [ 1., 0., 0., 0., 0., 1., 0., 0., 0., 0., 1., 0., 0., 0., 0.,1. ]
CameraMat: !!opencv-matrix
   rows: 3
   cols: 3
   dt: d
  data: [686.412891, 0.000000, 673.488654, 0.000000, 686.427989, 356.563851, 0.000000, 0.000000, 1.000000]
DistCoeff: !!opencv-matrix
   rows: 5
   cols: 1
   dt: d
  data: [-0.319452, 0.068190, 0.002685, -0.005230, 0.000000]
ImageSize: [1280, 720]
Reprojection Error: 0.0
DistModel: plumb_bob
